15153039031475566734 
15153039031475566734 
15153039031475566734 
15153039031475566734 
15153039031475566734 
15153039031475566734 
15153039031475566734 
15153039031475566734 
15153039031475566734 
15153039031475566734 
14592453800914786291 
14592453800914786291 
14592453800914786291 
14592453800914786291 
14592453800914786291 
14592453800914786291 
14592453800914786291 
14592453800914786291 
14592453800914786291 
14592453800914786291 
4906086776238467149 
17460208310577752203 
17460208310577752203 
17460208310577752203 
17460208310577752203 
17460208310577752203 
17460208310577752203 
17460208310577752203 
17460208310577752203 
17460208310577752203 
17460208310577752203 
12888550249257511191 
12888550249257511191 
12888550249257511191 
12888550249257511191 
12888550249257511191 
12888550249257511191 
12888550249257511191 
12888550249257511191 
12888550249257511191 
12888550249257511191 
10665441517914674201 
10665441517914674201 
10665441517914674201 
10665441517914674201 
10665441517914674201 
10665441517914674201 
10665441517914674201 
10665441517914674201 
10665441517914674201 
10665441517914674201 
4906086776238467149 
6307008338039555359 
8530797856525104158 
5295362492276033202 
11194719050139795208 
11194719050139795208 
11194719050139795208 
11194719050139795208 
11194719050139795208 
11194719050139795208 
11194719050139795208 
11194719050139795208 
11194719050139795208 
11194719050139795208 
5295362492276033202 
5295362492276033202 
5295362492276033202 
5295362492276033202 
5295362492276033202 
5295362492276033202 
4906086776238467149 
5295362492276033202 
5295362492276033202 
5295362492276033202 
6307008338039555359 
8530797856525104158 
4906086776238467149 
6307008338039555359 
8530797856525104158 
4906086776238467149 
6307008338039555359 
8530797856525104158 
4906086776238467149 
6307008338039555359 
4906086776238467149 
8530797856525104158 
6307008338039555359 
4906086776238467149 
8530797856525104158 
4906086776238467149 
6307008338039555359 
8530797856525104158 
4906086776238467149 
6307008338039555359 
8530797856525104158 
6307008338039555359 
8530797856525104158 
6307008338039555359 
8530797856525104158 
