15153039031475566734 
15153039031475566734 
15153039031475566734 
15153039031475566734 
15153039031475566734 
15153039031475566734 
15153039031475566734 
15153039031475566734 
15153039031475566734 
15153039031475566734 
4906086776238467149 
4906086776238467149 
4906086776238467149 
4906086776238467149 
4906086776238467149 
4906086776238467149 
4906086776238467149 
4906086776238467149 
4906086776238467149 
4906086776238467149 
6307008338039555359 
6307008338039555359 
6307008338039555359 
6307008338039555359 
6307008338039555359 
6307008338039555359 
6307008338039555359 
6307008338039555359 
6307008338039555359 
6307008338039555359 
14592453800914786291 
14592453800914786291 
14592453800914786291 
14592453800914786291 
14592453800914786291 
14592453800914786291 
14592453800914786291 
14592453800914786291 
14592453800914786291 
14592453800914786291 
17460208310577752203 
17460208310577752203 
17460208310577752203 
17460208310577752203 
17460208310577752203 
17460208310577752203 
17460208310577752203 
17460208310577752203 
17460208310577752203 
17460208310577752203 
